 246 245 248 255 255 254 235 201 195 225 254 255 255 249 245 245
 254 255 255 254 245 159 125 125 125 125 142 230 254 255 255 254
 254 255 255 247 136 124 125 125 125 125 126 154 236 255 255 254
 254 255 255 182 101 106 123 111  86 126 149 155 185 254 255 254
 254 255 255 136 102 101  92  80  77 104 156 156 156 248 255 254
 254 255 255 105 102 102  89  80  88 116 156 156 156 230 255 254
 254 255 255 128 102 102  96 122 100 126 156 156 156 243 255 254
 254 255 255 168 101 104 154 122  97 148 160 156 174 255 255 254
 254 255 255 236 117 162 186 173 124 186 183 160 224 255 255 254
 254 255 255 255 237 190 186 173 124 186 186 227 254 255 255 254
 254 255 255 255 255 251 193 173 124 186 243 255 255 255 255 254
 254 255 255 255 255 255 214 191 152 200 254 255 255 255 255 254
 254 255 255 255 255 255 161 205 197 131 254 255 255 255 255 254
 254 255 255 255 255 255 143  81  59 125 254 255 255 255 255 254
 254 255 255 255 255 255 178 173 238 152 254 255 255 255 255 254
 254 255 254 255 255 255 254 156 125 254 255 255 255 254 255 254
 246 245 248 255 255 254 235 201 195 225 254 255 255 249 245 245
 254 255 255 254 245 159 125 125 125 125 142 230 254 255 255 254
 254 255 255 247 136 124 125 125 125 125 126 154 236 255 255 254
 254 255 255 182 101 106 123 111  86 126 149 155 185 254 255 254
 254 255 255 136 102 101  92  80  77 104 156 156 156 248 255 254
 254 255 255 105 102 102  89  80  88 116 156 156 156 230 255 254
 254 255 255 128 102 102  96 122 100 126 156 156 156 243 255 254
 254 255 255 168 101 104 154 122  97 148 160 156 174 255 255 254
 254 255 255 236 117 162 186 173 124 186 183 160 224 255 255 254
 254 255 255 255 237 190 186 173 124 186 186 227 254 255 255 254
 254 255 255 255 255 251 193 173 124 186 243 255 255 255 255 254
 254 255 255 255 255 255 214 191 152 200 254 255 255 255 255 254
 254 255 255 255 255 255 161 205 197 131 254 255 255 255 255 254
 254 255 255 255 255 255 143  81  59 125 254 255 255 255 255 254
 254 255 255 255 255 255 178 173 238 152 254 255 255 255 255 254
 254 255 254 255 255 255 254 156 125 254 255 255 255 254 255 254
 246 245 248 255 255 254 235 201 195 225 254 255 255 249 245 245
 254 255 255 254 245 159 125 125 125 125 142 230 254 255 255 254
 254 255 255 247 136 124 125 125 125 125 126 154 236 255 255 254
 254 255 255 182 101 106 123 111  86 126 149 155 185 254 255 254
 254 255 255 136 102 101  92  80  77 104 156 156 156 248 255 254
 254 255 255 105 102 102  89  80  88 116 156 156 156 230 255 254
 254 255 255 128 102 102  96 122 100 126 156 156 156 243 255 254
 254 255 255 168 101 104 154 122  97 148 160 156 174 255 255 254
 254 255 255 236 117 162 186 173 124 186 183 160 224 255 255 254
 254 255 255 255 237 190 186 173 124 186 186 227 254 255 255 254
 254 255 255 255 255 251 193 173 124 186 243 255 255 255 255 254
 254 255 255 255 255 255 214 191 152 200 254 255 255 255 255 254
 254 255 255 255 255 255 161 205 197 131 254 255 255 255 255 254
 254 255 255 255 255 255 143  81  59 125 254 255 255 255 255 254
 254 255 255 255 255 255 178 173 238 152 254 255 255 255 255 254
 254 255 254 255 255 255 254 156 125 254 255 255 255 254 255 254

 245 254 254 254 254 254 254 254 254 254 254 254 254 254 254 254
 245 255 255 255 255 255 255 255 255 255 255 255 255 255 255 255
 249 255 255 254 248 230 243 255 255 255 255 255 255 255 255 254
 255 254 236 185 156 156 156 174 224 254 255 255 255 255 255 255
 255 230 154 155 156 156 156 156 160 227 255 255 255 255 255 255
 254 142 126 149 156 156 156 160 183 186 243 254 254 254 254 255
 225 125 125 126 104 116 126 148 186 186 186 200 131 125 152 254
 195 125 125  86  77  88 100  97 124 124 124 152 197  59 238 125
 201 125 125 111  80  80 122 122 173 173 173 191 205  81 173 156
 235 125 125 123  92  89  96 154 186 186 193 214 161 143 178 254
 254 159 124 106 101 102 102 104 162 190 251 255 255 255 255 255
 255 245 136 101 102 102 102 101 117 237 255 255 255 255 255 255
 255 254 247 182 136 105 128 168 236 255 255 255 255 255 255 255
 248 255 255 255 255 255 255 255 255 255 255 255 255 255 255 254
 245 255 255 255 255 255 255 255 255 255 255 255 255 255 255 255
 246 254 254 254 254 254 254 254 254 254 254 254 254 254 254 254
 245 254 254 254 254 254 254 254 254 254 254 254 254 254 254 254
 245 255 255 255 255 255 255 255 255 255 255 255 255 255 255 255
 249 255 255 254 248 230 243 255 255 255 255 255 255 255 255 254
 255 254 236 185 156 156 156 174 224 254 255 255 255 255 255 255
 255 230 154 155 156 156 156 156 160 227 255 255 255 255 255 255
 254 142 126 149 156 156 156 160 183 186 243 254 254 254 254 255
 225 125 125 126 104 116 126 148 186 186 186 200 131 125 152 254
 195 125 125  86  77  88 100  97 124 124 124 152 197  59 238 125
 201 125 125 111  80  80 122 122 173 173 173 191 205  81 173 156
 235 125 125 123  92  89  96 154 186 186 193 214 161 143 178 254
 254 159 124 106 101 102 102 104 162 190 251 255 255 255 255 255
 255 245 136 101 102 102 102 101 117 237 255 255 255 255 255 255
 255 254 247 182 136 105 128 168 236 255 255 255 255 255 255 255
 248 255 255 255 255 255 255 255 255 255 255 255 255 255 255 254
 245 255 255 255 255 255 255 255 255 255 255 255 255 255 255 255
 246 254 254 254 254 254 254 254 254 254 254 254 254 254 254 254
 245 254 254 254 254 254 254 254 254 254 254 254 254 254 254 254
 245 255 255 255 255 255 255 255 255 255 255 255 255 255 255 255
 249 255 255 254 248 230 243 255 255 255 255 255 255 255 255 254
 255 254 236 185 156 156 156 174 224 254 255 255 255 255 255 255
 255 230 154 155 156 156 156 156 160 227 255 255 255 255 255 255
 254 142 126 149 156 156 156 160 183 186 243 254 254 254 254 255
 225 125 125 126 104 116 126 148 186 186 186 200 131 125 152 254
 195 125 125  86  77  88 100  97 124 124 124 152 197  59 238 125
 201 125 125 111  80  80 122 122 173 173 173 191 205  81 173 156
 235 125 125 123  92  89  96 154 186 186 193 214 161 143 178 254
 254 159 124 106 101 102 102 104 162 190 251 255 255 255 255 255
 255 245 136 101 102 102 102 101 117 237 255 255 255 255 255 255
 255 254 247 182 136 105 128 168 236 255 255 255 255 255 255 255
 248 255 255 255 255 255 255 255 255 255 255 255 255 255 255 254
 245 255 255 255 255 255 255 255 255 255 255 255 255 255 255 255
 246 254 254 254 254 254 254 254 254 254 254 254 254 254 254 254

 254 255 254 255 255 255 254 125 156 254 255 255 255 254 255 254
 254 255 255 255 255 254 152 238 173 178 255 255 255 255 255 254
 254 255 255 255 255 254 125  59  81 143 255 255 255 255 255 254
 254 255 255 255 255 254 131 197 205 161 255 255 255 255 255 254
 254 255 255 255 255 254 200 152 191 214 255 255 255 255 255 254
 254 255 255 255 255 243 186 124 173 193 251 255 255 255 255 254
 254 255 255 254 227 186 186 124 173 186 190 237 255 255 255 254
 254 255 255 224 160 183 186 124 173 186 162 117 236 255 255 254
 254 255 255 174 156 160 148  97 122 154 104 101 168 255 255 254
 254 255 243 156 156 156 126 100 122  96 102 102 128 255 255 254
 254 255 230 156 156 156 116  88  80  89 102 102 105 255 255 254
 254 255 248 156 156 156 104  77  80  92 101 102 136 255 255 254
 254 255 254 185 155 149 126  86 111 123 106 101 182 255 255 254
 254 255 255 236 154 126 125 125 125 125 124 136 247 255 255 254
 254 255 255 254 230 142 125 125 125 125 159 245 254 255 255 254
 245 245 249 255 255 254 225 195 201 235 254 255 255 248 245 246
 254 255 254 255 255 255 254 125 156 254 255 255 255 254 255 254
 254 255 255 255 255 254 152 238 173 178 255 255 255 255 255 254
 254 255 255 255 255 254 125  59  81 143 255 255 255 255 255 254
 254 255 255 255 255 254 131 197 205 161 255 255 255 255 255 254
 254 255 255 255 255 254 200 152 191 214 255 255 255 255 255 254
 254 255 255 255 255 243 186 124 173 193 251 255 255 255 255 254
 254 255 255 254 227 186 186 124 173 186 190 237 255 255 255 254
 254 255 255 224 160 183 186 124 173 186 162 117 236 255 255 254
 254 255 255 174 156 160 148  97 122 154 104 101 168 255 255 254
 254 255 243 156 156 156 126 100 122  96 102 102 128 255 255 254
 254 255 230 156 156 156 116  88  80  89 102 102 105 255 255 254
 254 255 248 156 156 156 104  77  80  92 101 102 136 255 255 254
 254 255 254 185 155 149 126  86 111 123 106 101 182 255 255 254
 254 255 255 236 154 126 125 125 125 125 124 136 247 255 255 254
 254 255 255 254 230 142 125 125 125 125 159 245 254 255 255 254
 245 245 249 255 255 254 225 195 201 235 254 255 255 248 245 246
 254 255 254 255 255 255 254 125 156 254 255 255 255 254 255 254
 254 255 255 255 255 254 152 238 173 178 255 255 255 255 255 254
 254 255 255 255 255 254 125  59  81 143 255 255 255 255 255 254
 254 255 255 255 255 254 131 197 205 161 255 255 255 255 255 254
 254 255 255 255 255 254 200 152 191 214 255 255 255 255 255 254
 254 255 255 255 255 243 186 124 173 193 251 255 255 255 255 254
 254 255 255 254 227 186 186 124 173 186 190 237 255 255 255 254
 254 255 255 224 160 183 186 124 173 186 162 117 236 255 255 254
 254 255 255 174 156 160 148  97 122 154 104 101 168 255 255 254
 254 255 243 156 156 156 126 100 122  96 102 102 128 255 255 254
 254 255 230 156 156 156 116  88  80  89 102 102 105 255 255 254
 254 255 248 156 156 156 104  77  80  92 101 102 136 255 255 254
 254 255 254 185 155 149 126  86 111 123 106 101 182 255 255 254
 254 255 255 236 154 126 125 125 125 125 124 136 247 255 255 254
 254 255 255 254 230 142 125 125 125 125 159 245 254 255 255 254
 245 245 249 255 255 254 225 195 201 235 254 255 255 248 245 246

 254 254 254 254 254 254 254 254 254 254 254 254 254 254 254 246
 255 255 255 255 255 255 255 255 255 255 255 255 255 255 255 245
 254 255 255 255 255 255 255 255 255 255 255 255 255 255 255 248
 255 255 255 255 255 255 255 236 168 128 105 136 182 247 254 255
 255 255 255 255 255 255 237 117 101 102 102 102 101 136 245 255
 255 255 255 255 255 251 190 162 104 102 102 101 106 124 159 254
 254 178 143 161 214 193 186 186 154  96  89  92 123 125 125 235
 156 173  81 205 191 173 173 173 122 122  80  80 111 125 125 201
 125 238  59 197 152 124 124 124  97 100  88  77  86 125 125 195
 254 152 125 131 200 186 186 186 148 126 116 104 126 125 125 225
 255 254 254 254 254 243 186 183 160 156 156 156 149 126 142 254
 255 255 255 255 255 255 227 160 156 156 156 156 155 154 230 255
 255 255 255 255 255 255 254 224 174 156 156 156 185 236 254 255
 254 255 255 255 255 255 255 255 255 243 230 248 254 255 255 249
 255 255 255 255 255 255 255 255 255 255 255 255 255 255 255 245
 254 254 254 254 254 254 254 254 254 254 254 254 254 254 254 245
 254 254 254 254 254 254 254 254 254 254 254 254 254 254 254 246
 255 255 255 255 255 255 255 255 255 255 255 255 255 255 255 245
 254 255 255 255 255 255 255 255 255 255 255 255 255 255 255 248
 255 255 255 255 255 255 255 236 168 128 105 136 182 247 254 255
 255 255 255 255 255 255 237 117 101 102 102 102 101 136 245 255
 255 255 255 255 255 251 190 162 104 102 102 101 106 124 159 254
 254 178 143 161 214 193 186 186 154  96  89  92 123 125 125 235
 156 173  81 205 191 173 173 173 122 122  80  80 111 125 125 201
 125 238  59 197 152 124 124 124  97 100  88  77  86 125 125 195
 254 152 125 131 200 186 186 186 148 126 116 104 126 125 125 225
 255 254 254 254 254 243 186 183 160 156 156 156 149 126 142 254
 255 255 255 255 255 255 227 160 156 156 156 156 155 154 230 255
 255 255 255 255 255 255 254 224 174 156 156 156 185 236 254 255
 254 255 255 255 255 255 255 255 255 243 230 248 254 255 255 249
 255 255 255 255 255 255 255 255 255 255 255 255 255 255 255 245
 254 254 254 254 254 254 254 254 254 254 254 254 254 254 254 245
 254 254 254 254 254 254 254 254 254 254 254 254 254 254 254 246
 255 255 255 255 255 255 255 255 255 255 255 255 255 255 255 245
 254 255 255 255 255 255 255 255 255 255 255 255 255 255 255 248
 255 255 255 255 255 255 255 236 168 128 105 136 182 247 254 255
 255 255 255 255 255 255 237 117 101 102 102 102 101 136 245 255
 255 255 255 255 255 251 190 162 104 102 102 101 106 124 159 254
 254 178 143 161 214 193 186 186 154  96  89  92 123 125 125 235
 156 173  81 205 191 173 173 173 122 122  80  80 111 125 125 201
 125 238  59 197 152 124 124 124  97 100  88  77  86 125 125 195
 254 152 125 131 200 186 186 186 148 126 116 104 126 125 125 225
 255 254 254 254 254 243 186 183 160 156 156 156 149 126 142 254
 255 255 255 255 255 255 227 160 156 156 156 156 155 154 230 255
 255 255 255 255 255 255 254 224 174 156 156 156 185 236 254 255
 254 255 255 255 255 255 255 255 255 243 230 248 254 255 255 249
 255 255 255 255 255 255 255 255 255 255 255 255 255 255 255 245
 254 254 254 254 254 254 254 254 254 254 254 254 254 254 254 245

