 250 251 251 251 250 250 250 248 247 250 250 250 251 248 250 250
 254 255 255 254 242 149  60  20  18  27  87 175 245 107 254 254
 254 255 255 178  32   1  36 163 228 236 175  51   7  23 254 254
 254 254 167   7   1  44 234 255 255 255 254 243  72  23 254 254
 254 223  20   0   2 195 254 255 255 255 255 254 222  36 254 254
 253  97   0   0  44 254 255 255 255 255 255 254 254 116 253 254
 246  11   0   0  95 254 255 255 255 255 255 255 255 254 255 254
 215   1   0   0 123 254 255 255 255 255 255 255 255 255 255 254
 203   1   0   0 127 254 255 255 255 255 255 255 255 255 255 254
 214   1   0   0 110 254 255 255 255 255 255 255 255 255 255 254
 244   9   0   0  74 254 255 255 255 255 255 255 255 255 255 254
 253  87   0   0  21 245 254 255 255 255 255 255 254 253 255 254
 254 219  19   0   1 146 254 255 255 255 255 254 231 115 254 254
 254 254 167  15   0  11 187 253 255 254 254 202  49 141 254 254
 254 254 254 205  66   2   2  66 128 125  65  37 178 255 254 254
 251 251 251 251 250 223 158 125 123 136 194 248 251 251 251 251
 250 251 251 251 250 251 250 249 247 250 250 251 251 249 250 250
 254 255 255 254 245 154  64  20  17  26  83 170 244 111 249 254
 254 255 255 188  35   0  28 159 227 237 180  54   6  18 249 254
 254 254 177   8   0  33 229 255 255 255 255 246  82  18 249 254
 254 231  23   0   1 181 254 255 255 255 255 254 232  37 249 254
 254 109   0   0  33 252 255 255 255 255 255 255 254 127 250 254
 251  19   0   0  86 254 255 255 255 255 255 255 255 254 254 254
 227   1   0   0 102 254 255 255 255 255 255 255 255 255 255 254
 218   0   0   0 105 254 255 255 255 255 255 255 255 255 255 254
 226   0   0   0  97 254 255 255 255 255 255 255 255 255 255 254
 249  16   0   0  62 254 255 255 255 255 255 255 255 255 255 254
 254 103   0   0  12 239 255 255 255 255 255 255 254 253 255 254
 254 228  23   0   0 133 254 255 255 255 255 254 237 121 254 254
 254 254 181  17   0   8 181 253 255 255 254 209  52 133 254 254
 254 255 254 213  71   2   0  63 126 126  68  34 170 254 254 254
 251 251 251 251 251 228 161 127 122 134 191 247 251 251 251 251
 250 251 251 251 251 250 250 249 247 250 250 250 251 249 250 250
 254 255 255 254 247 158  67  22  17  26  79 164 243 120 241 254
 254 255 255 196  41   0  23 152 225 237 184  63   7  13 241 254
 254 254 189  14   0  25 219 255 255 255 254 249  94  12 241 254
 254 237  31   0   0 167 254 255 255 255 254 254 239  39 241 254
 254 124   0   0  22 250 254 255 255 255 255 254 254 135 242 254
 252  29   0   0  75 254 255 255 255 255 255 255 255 254 254 254
 235   4   0   0  95 254 255 255 255 255 255 255 255 255 255 254
 227   0   0   0  96 254 255 255 255 255 255 255 255 255 255 254
 234   1   0   0  88 254 255 255 255 255 255 255 255 255 255 254
 251  26   0   0  51 254 255 255 255 255 255 255 255 255 255 254
 253 117   0   0   7 230 254 255 255 255 255 254 255 254 254 254
 254 233  29   0   1 116 254 255 255 255 255 255 240 120 254 254
 254 254 191  21   0   5 172 252 255 255 254 213  62 121 254 254
 254 254 254 218  78   3   0  60 125 128  73  31 162 254 255 254
 251 251 251 251 251 231 163 127 122 134 185 245 251 251 251 251

 250 254 254 254 254 254 254 254 254 254 254 254 254 254 254 251
 250 254 254 254 254 253 255 255 255 255 255 255 254 254 254 251
 248 107  23  23  36 116 254 255 255 255 255 253 115 141 255 251
 251 245   7  72 222 254 255 255 255 255 255 254 231  49 178 251
 250 175  51 243 254 254 255 255 255 255 255 255 254 202  37 248
 250  87 175 254 255 255 255 255 255 255 255 255 255 254  65 194
 250  27 236 255 255 255 255 255 255 255 255 255 255 254 125 136
 247  18 228 255 255 255 255 255 255 255 255 255 255 255 128 123
 248  20 163 255 255 255 255 255 255 255 255 255 255 253  66 125
 250  60  36 234 254 255 255 255 255 255 255 254 254 187   2 158
 250 149   1  44 195 254 254 254 254 254 254 245 146  11   2 223
 250 242  32   1   2  44  95 123 127 110  74  21   1   0  66 250
 251 254 178   7   0   0   0   0   0   0   0   0   0  15 205 251
 251 255 255 167  20   0   0   0   0   0   0   0  19 167 254 251
 251 255 255 254 223  97  11   1   1   1   9  87 219 254 254 251
 250 254 254 254 254 253 246 215 203 214 244 253 254 254 254 251
 250 254 254 254 254 254 254 254 254 254 254 254 254 254 254 251
 250 249 249 249 249 250 254 255 255 255 255 255 254 254 254 251
 249 111  18  18  37 127 254 255 255 255 255 253 121 133 254 251
 251 244   6  82 232 254 255 255 255 255 255 254 237  52 170 251
 251 170  54 246 254 255 255 255 255 255 255 255 254 209  34 247
 250  83 180 255 255 255 255 255 255 255 255 255 255 254  68 191
 250  26 237 255 255 255 255 255 255 255 255 255 255 255 126 134
 247  17 227 255 255 255 255 255 255 255 255 255 255 255 126 122
 249  20 159 255 255 255 255 255 255 255 255 255 255 253  63 127
 250  64  28 229 254 255 255 255 255 255 255 255 254 181   0 161
 251 154   0  33 181 252 254 254 254 254 254 239 133   8   2 228
 250 245  35   0   1  33  86 102 105  97  62  12   0   0  71 251
 251 254 188   8   0   0   0   0   0   0   0   0   0  17 213 251
 251 255 255 177  23   0   0   0   0   0   0   0  23 181 254 251
 251 255 255 254 231 109  19   1   0   0  16 103 228 254 255 251
 250 254 254 254 254 254 251 227 218 226 249 254 254 254 254 251
 250 254 254 254 254 254 254 254 254 254 254 254 254 254 254 251
 250 241 241 241 241 242 254 255 255 255 255 254 254 254 255 251
 249 120  13  12  39 135 254 255 255 255 255 254 120 121 254 251
 251 243   7  94 239 254 255 255 255 255 255 255 240  62 162 251
 250 164  63 249 254 254 255 255 255 255 255 254 255 213  31 245
 250  79 184 254 254 255 255 255 255 255 255 255 255 254  73 185
 250  26 237 255 255 255 255 255 255 255 255 255 255 255 128 134
 247  17 225 255 255 255 255 255 255 255 255 255 255 255 125 122
 249  22 152 255 255 255 255 255 255 255 255 255 255 252  60 127
 250  67  23 219 254 254 255 255 255 255 255 254 254 172   0 163
 250 158   0  25 167 250 254 254 254 254 254 230 116   5   3 231
 251 247  41   0   0  22  75  95  96  88  51   7   1   0  78 251
 251 254 196  14   0   0   0   0   0   0   0   0   0  21 218 251
 251 255 255 189  31   0   0   0   0   0   0   0  29 191 254 251
 251 255 255 254 237 124  29   4   0   1  26 117 233 254 254 251
 250 254 254 254 254 254 252 235 227 234 251 253 254 254 254 251

 251 251 251 251 248 194 136 123 125 158 223 250 251 251 251 251
 254 254 255 178  37  65 125 128  66   2   2  66 205 254 254 254
 254 254 141  49 202 254 254 255 253 187  11   0  15 167 254 254
 254 254 115 231 254 255 255 255 255 254 146   1   0  19 219 254
 254 255 253 254 255 255 255 255 255 254 245  21   0   0  87 253
 254 255 255 255 255 255 255 255 255 255 254  74   0   0   9 244
 254 255 255 255 255 255 255 255 255 255 254 110   0   0   1 214
 254 255 255 255 255 255 255 255 255 255 254 127   0   0   1 203
 254 255 255 255 255 255 255 255 255 255 254 123   0   0   1 215
 254 255 254 255 255 255 255 255 255 255 254  95   0   0  11 246
 254 253 116 254 254 255 255 255 255 255 254  44   0   0  97 253
 254 254  36 222 254 255 255 255 255 254 195   2   0  20 223 254
 254 254  23  72 243 254 255 255 255 234  44   1   7 167 254 254
 254 254  23   7  51 175 236 228 163  36   1  32 178 255 255 254
 254 254 107 245 175  87  27  18  20  60 149 242 254 255 255 254
 250 250 248 251 250 250 250 247 248 250 250 250 251 251 251 250
 251 251 251 251 247 191 134 122 127 161 228 251 251 251 251 251
 254 254 254 170  34  68 126 126  63   0   2  71 213 254 255 254
 254 254 133  52 209 254 255 255 253 181   8   0  17 181 254 254
 254 254 121 237 254 255 255 255 255 254 133   0   0  23 228 254
 254 255 253 254 255 255 255 255 255 255 239  12   0   0 103 254
 254 255 255 255 255 255 255 255 255 255 254  62   0   0  16 249
 254 255 255 255 255 255 255 255 255 255 254  97   0   0   0 226
 254 255 255 255 255 255 255 255 255 255 254 105   0   0   0 218
 254 255 255 255 255 255 255 255 255 255 254 102   0   0   1 227
 254 254 254 255 255 255 255 255 255 255 254  86   0   0  19 251
 254 250 127 254 255 255 255 255 255 255 252  33   0   0 109 254
 254 249  37 232 254 255 255 255 255 254 181   1   0  23 231 254
 254 249  18  82 246 255 255 255 255 229  33   0   8 177 254 254
 254 249  18   6  54 180 237 227 159  28   0  35 188 255 255 254
 254 249 111 244 170  83  26  17  20  64 154 245 254 255 255 254
 250 250 249 251 251 250 250 247 249 250 251 250 251 251 251 250
 251 251 251 251 245 185 134 122 127 163 231 251 251 251 251 251
 254 255 254 162  31  73 128 125  60   0   3  78 218 254 254 254
 254 254 121  62 213 254 255 255 252 172   5   0  21 191 254 254
 254 254 120 240 255 255 255 255 255 254 116   1   0  29 233 254
 254 254 254 255 254 255 255 255 255 254 230   7   0   0 117 253
 254 255 255 255 255 255 255 255 255 255 254  51   0   0  26 251
 254 255 255 255 255 255 255 255 255 255 254  88   0   0   1 234
 254 255 255 255 255 255 255 255 255 255 254  96   0   0   0 227
 254 255 255 255 255 255 255 255 255 255 254  95   0   0   4 235
 254 254 254 255 255 255 255 255 255 255 254  75   0   0  29 252
 254 242 135 254 254 255 255 255 255 254 250  22   0   0 124 254
 254 241  39 239 254 254 255 255 255 254 167   0   0  31 237 254
 254 241  12  94 249 254 255 255 255 219  25   0  14 189 254 254
 254 241  13   7  63 184 237 225 152  23   0  41 196 255 255 254
 254 241 120 243 164  79  26  17  22  67 158 247 254 255 255 254
 250 250 249 251 250 250 250 247 249 250 250 251 251 251 251 250

 251 254 254 254 253 244 214 203 215 246 253 254 254 254 254 250
 251 254 254 219  87   9   1   1   1  11  97 223 254 255 255 251
 251 254 167  19   0   0   0   0   0   0   0  20 167 255 255 251
 251 205  15   0   0   0   0   0   0   0   0   0   7 178 254 251
 250  66   0   1  21  74 110 127 123  95  44   2   1  32 242 250
 223   2  11 146 245 254 254 254 254 254 254 195  44   1 149 250
 158   2 187 254 254 255 255 255 255 255 255 254 234  36  60 250
 125  66 253 255 255 255 255 255 255 255 255 255 255 163  20 248
 123 128 255 255 255 255 255 255 255 255 255 255 255 228  18 247
 136 125 254 255 255 255 255 255 255 255 255 255 255 236  27 250
 194  65 254 255 255 255 255 255 255 255 255 255 254 175  87 250
 248  37 202 254 255 255 255 255 255 255 254 254 243  51 175 250
 251 178  49 231 254 255 255 255 255 255 254 222  72   7 245 251
 251 255 141 115 253 255 255 255 255 254 116  36  23  23 107 248
 251 254 254 254 255 255 255 255 255 255 253 254 254 254 254 250
 251 254 254 254 254 254 254 254 254 254 254 254 254 254 254 250
 251 254 254 254 254 249 226 218 227 251 254 254 254 254 254 250
 251 255 254 228 103  16   0   0   1  19 109 231 254 255 255 251
 251 254 181  23   0   0   0   0   0   0   0  23 177 255 255 251
 251 213  17   0   0   0   0   0   0   0   0   0   8 188 254 251
 251  71   0   0  12  62  97 105 102  86  33   1   0  35 245 250
 228   2   8 133 239 254 254 254 254 254 252 181  33   0 154 251
 161   0 181 254 255 255 255 255 255 255 255 254 229  28  64 250
 127  63 253 255 255 255 255 255 255 255 255 255 255 159  20 249
 122 126 255 255 255 255 255 255 255 255 255 255 255 227  17 247
 134 126 255 255 255 255 255 255 255 255 255 255 255 237  26 250
 191  68 254 255 255 255 255 255 255 255 255 255 255 180  83 250
 247  34 209 254 255 255 255 255 255 255 255 254 246  54 170 251
 251 170  52 237 254 255 255 255 255 255 254 232  82   6 244 251
 251 254 133 121 253 255 255 255 255 254 127  37  18  18 111 249
 251 254 254 254 255 255 255 255 255 254 250 249 249 249 249 250
 251 254 254 254 254 254 254 254 254 254 254 254 254 254 254 250
 251 254 254 254 253 251 234 227 235 252 254 254 254 254 254 250
 251 254 254 233 117  26   1   0   4  29 124 237 254 255 255 251
 251 254 191  29   0   0   0   0   0   0   0  31 189 255 255 251
 251 218  21   0   0   0   0   0   0   0   0   0  14 196 254 251
 251  78   0   1   7  51  88  96  95  75  22   0   0  41 247 251
 231   3   5 116 230 254 254 254 254 254 250 167  25   0 158 250
 163   0 172 254 254 255 255 255 255 255 254 254 219  23  67 250
 127  60 252 255 255 255 255 255 255 255 255 255 255 152  22 249
 122 125 255 255 255 255 255 255 255 255 255 255 255 225  17 247
 134 128 255 255 255 255 255 255 255 255 255 255 255 237  26 250
 185  73 254 255 255 255 255 255 255 255 255 254 254 184  79 250
 245  31 213 255 254 255 255 255 255 255 254 254 249  63 164 250
 251 162  62 240 255 255 255 255 255 255 254 239  94   7 243 251
 251 254 121 120 254 255 255 255 255 254 135  39  12  13 120 249
 251 255 254 254 254 255 255 255 255 254 242 241 241 241 241 250
 251 254 254 254 254 254 254 254 254 254 254 254 254 254 254 250

