 246 245 245 245 245 245 245 245 245 245 245 245 245 245 245 245
 254 234 185 185 186 185 185 185 185 185 186 185 185 221 254 254
 254 239 192  68   0   0   3 102 107 101  65   7   0 139 254 254
 254 255 255 156   0   0   6 240 255 255 254 204  38 140 254 254
 254 255 255 162   0   0   6 240 255 254 253 253 161 139 254 254
 254 255 255 162   0   0   6 240 255 253 155 253 224 168 255 254
 254 255 255 162   0   0   6 240 254 248  76 254 254 252 255 254
 254 255 255 162   0   0   6 240 241  98  59 254 255 255 255 254
 254 255 255 162   0   0   1  62  16   0  58 254 255 255 255 254
 254 255 255 162   0   0   6 233 205  56  58 254 255 255 255 254
 254 255 255 162   0   0   6 240 254 236  68 254 255 255 255 254
 254 255 255 162   0   0   6 240 255 254 119 254 255 255 255 254
 254 255 255 162   0   0   6 240 255 254 231 253 255 255 255 254
 254 255 255 159   0   0   5 238 255 255 255 255 255 255 255 254
 254 253 250 108   1   0   2 186 252 254 255 255 255 255 255 254
 253 219 127 112 112 112 112 115 141 252 255 255 255 255 255 254
 246 245 245 245 245 245 245 245 245 245 245 245 245 245 245 245
 254 236 185 185 185 185 185 185 185 185 185 185 185 217 254 254
 254 241 195  73   0   0   1  97 107 102  68   8   0 119 255 254
 254 255 255 164   0   0   3 230 255 255 254 210  44 119 255 254
 254 255 255 169   0   0   3 230 255 254 254 254 174 119 255 254
 254 255 255 169   0   0   3 230 255 254 152 254 236 157 254 254
 254 255 255 169   0   0   3 230 254 252  63 254 254 254 254 254
 254 255 255 169   0   0   3 230 244 110  37 255 255 255 255 254
 254 255 255 169   0   0   1  59  17   0  37 255 255 255 255 254
 254 255 255 169   0   0   3 223 209  61  37 255 255 255 255 254
 254 255 255 169   0   0   3 230 254 242  52 255 255 255 255 254
 254 255 255 169   0   0   3 230 255 254 113 254 255 255 255 254
 254 255 255 169   0   0   3 230 255 254 230 254 255 255 255 254
 254 255 255 167   0   0   3 226 255 255 255 255 255 255 255 254
 254 254 251 119   0   0   0 174 253 254 255 255 255 255 255 254
 254 222 128 112 111 112 112 113 137 248 255 255 255 255 255 254
 246 245 245 245 245 245 245 245 245 245 245 245 245 245 245 245
 254 240 185 185 185 185 185 185 185 185 185 185 185 215 254 254
 254 243 198  84   0   0   0  92 107 102  70  10   0 112 254 254
 254 255 255 179   0   0   1 215 255 255 254 217  51 112 254 254
 254 255 255 192   0   0   1 215 255 254 254 254 186 112 254 254
 254 255 255 192   0   0   1 215 255 254 148 253 244 154 254 254
 254 255 255 192   0   0   1 215 255 252  61 254 254 254 254 254
 254 255 255 192   0   0   1 215 246 120  22 254 255 255 255 254
 254 255 255 192   0   0   0  57  20   0  22 254 255 255 255 254
 254 255 255 192   0   0   1 209 213  73  22 254 255 255 255 254
 254 255 255 192   0   0   1 215 255 245  45 254 255 255 255 254
 254 255 255 192   0   0   1 215 255 254 113 253 255 255 255 254
 254 255 255 192   0   0   1 215 255 254 229 254 255 255 255 254
 254 255 255 183   0   0   0 214 255 255 255 255 255 255 255 254
 254 254 251 130   0   0   0 159 252 254 255 255 255 255 255 254
 254 230 131 112 112 112 112 113 133 243 255 255 255 255 255 254

 245 254 254 254 254 254 254 254 254 254 254 254 254 254 254 254
 245 254 254 254 254 255 255 255 255 255 255 255 255 255 255 255
 245 221 139 140 139 168 252 255 255 255 255 255 255 255 255 255
 245 185   0  38 161 224 254 255 255 255 255 255 255 255 255 255
 245 185   7 204 253 253 254 254 254 254 254 254 253 255 255 255
 245 186  65 254 253 155  76  59  58  58  68 119 231 255 255 255
 245 185 101 255 254 253 248  98   0  56 236 254 254 255 254 252
 245 185 107 255 255 255 254 241  16 205 254 255 255 255 252 141
 245 185 102 240 240 240 240 240  62 233 240 240 240 238 186 115
 245 185   3   6   6   6   6   6   1   6   6   6   6   5   2 112
 245 185   0   0   0   0   0   0   0   0   0   0   0   0   0 112
 245 186   0   0   0   0   0   0   0   0   0   0   0   0   1 112
 245 185  68 156 162 162 162 162 162 162 162 162 162 159 108 112
 245 185 192 255 255 255 255 255 255 255 255 255 255 255 250 127
 245 234 239 255 255 255 255 255 255 255 255 255 255 255 253 219
 246 254 254 254 254 254 254 254 254 254 254 254 254 254 254 253
 245 254 254 254 254 254 254 254 254 254 254 254 254 254 254 254
 245 254 255 255 255 254 254 255 255 255 255 255 255 255 255 255
 245 217 119 119 119 157 254 255 255 255 255 255 255 255 255 255
 245 185   0  44 174 236 254 255 255 255 255 255 255 255 255 255
 245 185   8 210 254 254 254 255 255 255 255 254 254 255 255 255
 245 185  68 254 254 152  63  37  37  37  52 113 230 255 255 255
 245 185 102 255 254 254 252 110   0  61 242 254 254 255 254 248
 245 185 107 255 255 255 254 244  17 209 254 255 255 255 253 137
 245 185  97 230 230 230 230 230  59 223 230 230 230 226 174 113
 245 185   1   3   3   3   3   3   1   3   3   3   3   3   0 112
 245 185   0   0   0   0   0   0   0   0   0   0   0   0   0 112
 245 185   0   0   0   0   0   0   0   0   0   0   0   0   0 111
 245 185  73 164 169 169 169 169 169 169 169 169 169 167 119 112
 245 185 195 255 255 255 255 255 255 255 255 255 255 255 251 128
 245 236 241 255 255 255 255 255 255 255 255 255 255 255 254 222
 246 254 254 254 254 254 254 254 254 254 254 254 254 254 254 254
 245 254 254 254 254 254 254 254 254 254 254 254 254 254 254 254
 245 254 254 254 254 254 254 255 255 255 255 255 255 255 255 255
 245 215 112 112 112 154 254 255 255 255 255 255 255 255 255 255
 245 185   0  51 186 244 254 255 255 255 255 255 255 255 255 255
 245 185  10 217 254 253 254 254 254 254 254 253 254 255 255 255
 245 185  70 254 254 148  61  22  22  22  45 113 229 255 255 255
 245 185 102 255 254 254 252 120   0  73 245 254 254 255 254 243
 245 185 107 255 255 255 255 246  20 213 255 255 255 255 252 133
 245 185  92 215 215 215 215 215  57 209 215 215 215 214 159 113
 245 185   0   1   1   1   1   1   0   1   1   1   1   0   0 112
 245 185   0   0   0   0   0   0   0   0   0   0   0   0   0 112
 245 185   0   0   0   0   0   0   0   0   0   0   0   0   0 112
 245 185  84 179 192 192 192 192 192 192 192 192 192 183 130 112
 245 185 198 255 255 255 255 255 255 255 255 255 255 255 251 131
 245 240 243 255 255 255 255 255 255 255 255 255 255 255 254 230
 246 254 254 254 254 254 254 254 254 254 254 254 254 254 254 254

 254 255 255 255 255 255 252 141 115 112 112 112 112 127 219 253
 254 255 255 255 255 255 254 252 186   2   0   1 108 250 253 254
 254 255 255 255 255 255 255 255 238   5   0   0 159 255 255 254
 254 255 255 255 253 231 254 255 240   6   0   0 162 255 255 254
 254 255 255 255 254 119 254 255 240   6   0   0 162 255 255 254
 254 255 255 255 254  68 236 254 240   6   0   0 162 255 255 254
 254 255 255 255 254  58  56 205 233   6   0   0 162 255 255 254
 254 255 255 255 254  58   0  16  62   1   0   0 162 255 255 254
 254 255 255 255 254  59  98 241 240   6   0   0 162 255 255 254
 254 255 252 254 254  76 248 254 240   6   0   0 162 255 255 254
 254 255 168 224 253 155 253 255 240   6   0   0 162 255 255 254
 254 254 139 161 253 253 254 255 240   6   0   0 162 255 255 254
 254 254 140  38 204 254 255 255 240   6   0   0 156 255 255 254
 254 254 139   0   7  65 101 107 102   3   0   0  68 192 239 254
 254 254 221 185 185 186 185 185 185 185 185 186 185 185 234 254
 245 245 245 245 245 245 245 245 245 245 245 245 245 245 245 246
 254 255 255 255 255 255 248 137 113 112 112 111 112 128 222 254
 254 255 255 255 255 255 254 253 174   0   0   0 119 251 254 254
 254 255 255 255 255 255 255 255 226   3   0   0 167 255 255 254
 254 255 255 255 254 230 254 255 230   3   0   0 169 255 255 254
 254 255 255 255 254 113 254 255 230   3   0   0 169 255 255 254
 254 255 255 255 255  52 242 254 230   3   0   0 169 255 255 254
 254 255 255 255 255  37  61 209 223   3   0   0 169 255 255 254
 254 255 255 255 255  37   0  17  59   1   0   0 169 255 255 254
 254 255 255 255 255  37 110 244 230   3   0   0 169 255 255 254
 254 254 254 254 254  63 252 254 230   3   0   0 169 255 255 254
 254 254 157 236 254 152 254 255 230   3   0   0 169 255 255 254
 254 255 119 174 254 254 254 255 230   3   0   0 169 255 255 254
 254 255 119  44 210 254 255 255 230   3   0   0 164 255 255 254
 254 255 119   0   8  68 102 107  97   1   0   0  73 195 241 254
 254 254 217 185 185 185 185 185 185 185 185 185 185 185 236 254
 245 245 245 245 245 245 245 245 245 245 245 245 245 245 245 246
 254 255 255 255 255 255 243 133 113 112 112 112 112 131 230 254
 254 255 255 255 255 255 254 252 159   0   0   0 130 251 254 254
 254 255 255 255 255 255 255 255 214   0   0   0 183 255 255 254
 254 255 255 255 254 229 254 255 215   1   0   0 192 255 255 254
 254 255 255 255 253 113 254 255 215   1   0   0 192 255 255 254
 254 255 255 255 254  45 245 255 215   1   0   0 192 255 255 254
 254 255 255 255 254  22  73 213 209   1   0   0 192 255 255 254
 254 255 255 255 254  22   0  20  57   0   0   0 192 255 255 254
 254 255 255 255 254  22 120 246 215   1   0   0 192 255 255 254
 254 254 254 254 254  61 252 255 215   1   0   0 192 255 255 254
 254 254 154 244 253 148 254 255 215   1   0   0 192 255 255 254
 254 254 112 186 254 254 254 255 215   1   0   0 192 255 255 254
 254 254 112  51 217 254 255 255 215   1   0   0 179 255 255 254
 254 254 112   0  10  70 102 107  92   0   0   0  84 198 243 254
 254 254 215 185 185 185 185 185 185 185 185 185 185 185 240 254
 245 245 245 245 245 245 245 245 245 245 245 245 245 245 245 246

 253 254 254 254 254 254 254 254 254 254 254 254 254 254 254 246
 219 253 255 255 255 255 255 255 255 255 255 255 255 239 234 245
 127 250 255 255 255 255 255 255 255 255 255 255 255 192 185 245
 112 108 159 162 162 162 162 162 162 162 162 162 156  68 185 245
 112   1   0   0   0   0   0   0   0   0   0   0   0   0 186 245
 112   0   0   0   0   0   0   0   0   0   0   0   0   0 185 245
 112   2   5   6   6   6   6   1   6   6   6   6   6   3 185 245
 115 186 238 240 240 240 233  62 240 240 240 240 240 102 185 245
 141 252 255 255 255 254 205  16 241 254 255 255 255 107 185 245
 252 254 255 254 254 236  56   0  98 248 253 254 255 101 185 245
 255 255 255 231 119  68  58  58  59  76 155 253 254  65 186 245
 255 255 255 253 254 254 254 254 254 254 253 253 204   7 185 245
 255 255 255 255 255 255 255 255 255 254 224 161  38   0 185 245
 255 255 255 255 255 255 255 255 255 252 168 139 140 139 221 245
 255 255 255 255 255 255 255 255 255 255 255 254 254 254 254 245
 254 254 254 254 254 254 254 254 254 254 254 254 254 254 254 245
 254 254 254 254 254 254 254 254 254 254 254 254 254 254 254 246
 222 254 255 255 255 255 255 255 255 255 255 255 255 241 236 245
 128 251 255 255 255 255 255 255 255 255 255 255 255 195 185 245
 112 119 167 169 169 169 169 169 169 169 169 169 164  73 185 245
 111   0   0   0   0   0   0   0   0   0   0   0   0   0 185 245
 112   0   0   0   0   0   0   0   0   0   0   0   0   0 185 245
 112   0   3   3   3   3   3   1   3   3   3   3   3   1 185 245
 113 174 226 230 230 230 223  59 230 230 230 230 230  97 185 245
 137 253 255 255 255 254 209  17 244 254 255 255 255 107 185 245
 248 254 255 254 254 242  61   0 110 252 254 254 255 102 185 245
 255 255 255 230 113  52  37  37  37  63 152 254 254  68 185 245
 255 255 255 254 254 255 255 255 255 254 254 254 210   8 185 245
 255 255 255 255 255 255 255 255 255 254 236 174  44   0 185 245
 255 255 255 255 255 255 255 255 255 254 157 119 119 119 217 245
 255 255 255 255 255 255 255 255 255 254 254 255 255 255 254 245
 254 254 254 254 254 254 254 254 254 254 254 254 254 254 254 245
 254 254 254 254 254 254 254 254 254 254 254 254 254 254 254 246
 230 254 255 255 255 255 255 255 255 255 255 255 255 243 240 245
 131 251 255 255 255 255 255 255 255 255 255 255 255 198 185 245
 112 130 183 192 192 192 192 192 192 192 192 192 179  84 185 245
 112   0   0   0   0   0   0   0   0   0   0   0   0   0 185 245
 112   0   0   0   0   0   0   0   0   0   0   0   0   0 185 245
 112   0   0   1   1   1   1   0   1   1   1   1   1   0 185 245
 113 159 214 215 215 215 209  57 215 215 215 215 215  92 185 245
 133 252 255 255 255 255 213  20 246 255 255 255 255 107 185 245
 243 254 255 254 254 245  73   0 120 252 254 254 255 102 185 245
 255 255 255 229 113  45  22  22  22  61 148 254 254  70 185 245
 255 255 255 254 253 254 254 254 254 254 253 254 217  10 185 245
 255 255 255 255 255 255 255 255 255 254 244 186  51   0 185 245
 255 255 255 255 255 255 255 255 255 254 154 112 112 112 215 245
 255 255 255 255 255 255 255 255 255 254 254 254 254 254 254 245
 254 254 254 254 254 254 254 254 254 254 254 254 254 254 254 245

